Year rh_value
1950   50.404
1951   41.816
1952   47.056
1953   44.510
1954   44.732
1955   46.343
1956   47.452
1957   41.142
1958   45.643
1959   48.563
1960   46.562
1961   48.170
1962   41.911
1963   38.018
1964   40.195
1965   33.108
1966   37.750
1967   40.194
1968   35.707
1969   34.236
1970   39.366
1971   34.812
1972   31.390
1973   38.059
1974   34.908
1975   34.286
1976   32.616
1977   36.105
1978   36.406
1979   37.288
1980   32.302
1981   29.734
1982   28.112
1983   33.489
1984   33.418
1985   32.816
1986   32.574
1987   33.153
1988   37.569
1989   33.466
1990   33.867
1991   31.724
1992   31.036
1993   33.292
1994   37.018
1995   29.757
1996   34.792
1997   35.077
1998   38.563
1999   38.322
2000   35.990
2001   33.417
2002   32.486
2003   35.292
2004   36.387
2005   34.888
2006   37.163
2007   36.998
2008   35.414
2009   39.086
2010   43.540
2011   41.680
2012   41.928
2013   42.924
2014   39.925
2015   38.517
2016   40.890
2017   38.612
2018   39.858
2019   42.053
2020   42.212
2021   39.227
2022   43.121
2023   37.446